       100             0.51419             0.77129            -4.01666
       200             0.54580             0.81870            -4.37555
       300             0.57895             0.86842            -4.69639
       400             0.56269             0.84404            -4.94253
       500             0.53071             0.79607            -4.93709
       600             0.51541             0.77312            -5.04588
       700             0.50727             0.76090            -5.10440
       800             0.48559             0.72838            -5.09408
       900             0.51225             0.76837            -5.22665
      1000             0.49213             0.73819            -5.22648
      1100             0.49966             0.74950            -5.23067
      1200             0.50056             0.75084            -5.25456
      1300             0.47583             0.71374            -5.23637
      1400             0.46372             0.69557            -5.23423
      1500             0.47504             0.71257            -5.23169
      1600             0.48932             0.73398            -5.24245
      1700             0.48639             0.72959            -5.28549
      1800             0.46800             0.70200            -5.28591
      1900             0.48447             0.72671            -5.24020
      2000             0.48100             0.72149            -5.22745
      2100             0.48020             0.72031            -5.23995
      2200             0.49424             0.74135            -5.29140
      2300             0.48465             0.72697            -5.24921
      2400             0.48167             0.72251            -5.31743
      2500             0.45521             0.68282            -5.26076
      2600             0.48041             0.72062            -5.32178
      2700             0.46572             0.69859            -5.28605
      2800             0.47072             0.70608            -5.23735
      2900             0.47871             0.71807            -5.25226
      3000             0.50027             0.75040            -5.25966
      3100             0.47377             0.71065            -5.22623
      3200             0.49759             0.74638            -5.27541
      3300             0.46116             0.69174            -5.26169
      3400             0.48045             0.72068            -5.34430
      3500             0.49849             0.74773            -5.31796
      3600             0.49394             0.74091            -5.29643
      3700             0.49110             0.73665            -5.25782
      3800             0.48943             0.73414            -5.21630
      3900             0.49445             0.74168            -5.28341
      4000             0.48847             0.73271            -5.32333
      4100             0.47527             0.71290            -5.32811
      4200             0.49737             0.74605            -5.27888
      4300             0.49970             0.74956            -5.19400
      4400             0.49566             0.74348            -5.25908
      4500             0.50153             0.75229            -5.24779
      4600             0.51438             0.77157            -5.25219
      4700             0.50837             0.76256            -5.22031
      4800             0.48706             0.73059            -5.19237
      4900             0.50871             0.76307            -5.29851
      5000             0.48299             0.72449            -5.24009
      5100             0.49975             0.74963            -5.25966
      5200             0.50751             0.76126            -5.27608
      5300             0.49071             0.73606            -5.26083
      5400             0.50259             0.75388            -5.24677
      5500             0.50656             0.75984            -5.25965
      5600             0.48265             0.72397            -5.26844
      5700             0.48744             0.73116            -5.30991
      5800             0.46760             0.70140            -5.31370
      5900             0.49833             0.74749            -5.27228
      6000             0.48329             0.72493            -5.30415
      6100             0.48077             0.72116            -5.28041
      6200             0.46556             0.69834            -5.26685
      6300             0.48584             0.72875            -5.28265
      6400             0.46493             0.69739            -5.27596
      6500             0.47398             0.71097            -5.24753
      6600             0.47484             0.71226            -5.31433
      6700             0.47046             0.70570            -5.30810
      6800             0.47816             0.71724            -5.30184
      6900             0.50487             0.75730            -5.32738
      7000             0.49108             0.73662            -5.26489
      7100             0.49561             0.74342            -5.29698
      7200             0.50995             0.76493            -5.27172
      7300             0.47863             0.71794            -5.26905
      7400             0.49276             0.73915            -5.30622
      7500             0.49107             0.73660            -5.26842
      7600             0.48583             0.72874            -5.23878
      7700             0.49474             0.74212            -5.26809
      7800             0.49303             0.73955            -5.27728
      7900             0.50264             0.75396            -5.32291
      8000             0.49182             0.73774            -5.35681
      8100             0.47552             0.71328            -5.27173
      8200             0.50323             0.75484            -5.27476
      8300             0.49856             0.74783            -5.31144
      8400             0.49250             0.73875            -5.27398
      8500             0.46780             0.70170            -5.24249
      8600             0.46942             0.70414            -5.24121
      8700             0.48557             0.72835            -5.29251
      8800             0.48636             0.72954            -5.26223
      8900             0.48889             0.73333            -5.28393
      9000             0.49059             0.73588            -5.31668
      9100             0.48672             0.73008            -5.28162
      9200             0.46453             0.69679            -5.27048
      9300             0.47037             0.70556            -5.26057
      9400             0.48125             0.72188            -5.24165
      9500             0.49336             0.74004            -5.31867
      9600             0.47456             0.71184            -5.25798
      9700             0.49284             0.73926            -5.29907
      9800             0.46330             0.69495            -5.22734
      9900             0.47622             0.71433            -5.20976
     10000             0.49366             0.74049            -5.28420
     10100             0.49607             0.74410            -5.28341
     10200             0.50433             0.75649            -5.31483
     10300             0.50406             0.75609            -5.24697
     10400             0.47633             0.71449            -5.23536
     10500             0.47870             0.71805            -5.24861
     10600             0.48087             0.72130            -5.31528
     10700             0.47879             0.71818            -5.31314
     10800             0.48133             0.72199            -5.28780
     10900             0.48775             0.73162            -5.23598
     11000             0.50214             0.75321            -5.26674
     11100             0.46809             0.70213            -5.25500
     11200             0.49875             0.74813            -5.28882
     11300             0.49694             0.74541            -5.30779
     11400             0.47006             0.70509            -5.28756
     11500             0.48560             0.72841            -5.26901
     11600             0.48400             0.72599            -5.22725
     11700             0.48838             0.73257            -5.24156
     11800             0.47003             0.70504            -5.22301
     11900             0.49487             0.74231            -5.27572
     12000             0.49281             0.73922            -5.30186
     12100             0.49898             0.74847            -5.29352
     12200             0.50375             0.75563            -5.30466
     12300             0.46859             0.70288            -5.28001
     12400             0.47197             0.70796            -5.27551
     12500             0.46855             0.70282            -5.25633
     12600             0.49305             0.73957            -5.27123
     12700             0.48947             0.73421            -5.29114
     12800             0.47646             0.71469            -5.24655
     12900             0.47388             0.71081            -5.25783
     13000             0.48198             0.72298            -5.25775
     13100             0.48390             0.72585            -5.28348
     13200             0.48276             0.72414            -5.26388
     13300             0.49590             0.74385            -5.29006
     13400             0.49510             0.74264            -5.29820
     13500             0.48216             0.72324            -5.32015
     13600             0.47883             0.71824            -5.23924
     13700             0.48131             0.72196            -5.26512
     13800             0.48477             0.72715            -5.27482
     13900             0.48628             0.72941            -5.31992
     14000             0.49868             0.74802            -5.28132
     14100             0.49247             0.73870            -5.30058
     14200             0.48345             0.72518            -5.30818
     14300             0.48691             0.73036            -5.29960
     14400             0.48324             0.72487            -5.34044
     14500             0.47637             0.71455            -5.33129
     14600             0.47346             0.71019            -5.34036
     14700             0.46558             0.69837            -5.29024
     14800             0.49242             0.73863            -5.29927
     14900             0.49565             0.74347            -5.30713
     15000             0.48244             0.72366            -5.29972
