       100             1.15177             0.86383            -3.76094
       200             1.44063             1.08048            -4.28737
       300             1.43257             1.07443            -4.39247
       400             1.37666             1.03250            -4.44707
       500             1.32586             0.99440            -4.45991
       600             1.28788             0.96591            -4.49198
       700             1.23071             0.92303            -4.49657
       800             1.21121             0.90840            -4.54619
       900             1.18454             0.88841            -4.59725
      1000             1.15132             0.86349            -4.61954
      1100             1.15296             0.86472            -4.64926
      1200             1.10112             0.82584            -4.65839
      1300             1.07107             0.80331            -4.65904
      1400             1.05657             0.79243            -4.67205
      1500             1.03187             0.77390            -4.69522
      1600             1.03179             0.77384            -4.74893
      1700             0.97312             0.72984            -4.70212
      1800             0.99798             0.74848            -4.77049
      1900             0.97320             0.72990            -4.75634
      2000             0.94762             0.71072            -4.75613
      2100             0.95817             0.71863            -4.79312
      2200             0.92137             0.69103            -4.76006
      2300             0.93008             0.69756            -4.80001
      2400             0.91548             0.68661            -4.80122
      2500             0.88909             0.66681            -4.78882
      2600             0.90944             0.68208            -4.83057
      2700             0.91302             0.68477            -4.82969
      2800             0.90357             0.67768            -4.83183
      2900             0.86007             0.64505            -4.77881
      3000             0.85964             0.64473            -4.79322
      3100             0.87218             0.65413            -4.82096
      3200             0.84826             0.63620            -4.80318
      3300             0.84241             0.63181            -4.82655
      3400             0.84378             0.63284            -4.82590
      3500             0.81933             0.61450            -4.79935
      3600             0.83621             0.62716            -4.80261
      3700             0.87998             0.65999            -4.85542
      3800             0.86071             0.64553            -4.83055
      3900             0.84352             0.63264            -4.83091
      4000             0.82494             0.61871            -4.82610
      4100             0.84681             0.63511            -4.84536
      4200             0.84977             0.63733            -4.84581
      4300             0.84164             0.63123            -4.83892
      4400             0.85362             0.64021            -4.87714
      4500             0.84048             0.63036            -4.84783
      4600             0.84370             0.63278            -4.85885
      4700             0.85742             0.64306            -4.89538
      4800             0.83708             0.62781            -4.87004
      4900             0.82621             0.61966            -4.85480
      5000             0.82720             0.62040            -4.85352
      5100             0.85689             0.64267            -4.87479
      5200             0.84026             0.63019            -4.83959
      5300             0.86648             0.64986            -4.87548
      5400             0.85464             0.64098            -4.83804
      5500             0.84035             0.63026            -4.82795
      5600             0.81549             0.61161            -4.82675
      5700             0.82361             0.61771            -4.84121
      5800             0.85689             0.64266            -4.93049
      5900             0.81914             0.61435            -4.87845
      6000             0.81907             0.61430            -4.87865
      6100             0.83019             0.62265            -4.87972
      6200             0.81373             0.61030            -4.85718
      6300             0.82581             0.61936            -4.85128
      6400             0.82980             0.62235            -4.85430
      6500             0.85415             0.64061            -4.86388
      6600             0.83369             0.62527            -4.85618
      6700             0.83619             0.62715            -4.85928
      6800             0.85242             0.63931            -4.90809
      6900             0.83524             0.62643            -4.87815
      7000             0.83211             0.62408            -4.86212
      7100             0.86275             0.64706            -4.88693
      7200             0.83986             0.62989            -4.84569
      7300             0.85306             0.63980            -4.87705
      7400             0.83715             0.62786            -4.86221
      7500             0.86645             0.64984            -4.88669
      7600             0.83679             0.62759            -4.86024
      7700             0.85492             0.64119            -4.86213
      7800             0.87212             0.65409            -4.87739
      7900             0.85015             0.63761            -4.85037
      8000             0.84006             0.63004            -4.85899
      8100             0.84639             0.63479            -4.88481
      8200             0.83179             0.62384            -4.83968
      8300             0.83413             0.62560            -4.85750
      8400             0.85749             0.64312            -4.87566
      8500             0.83004             0.62253            -4.87090
      8600             0.83134             0.62351            -4.89820
      8700             0.81066             0.60800            -4.88274
      8800             0.80663             0.60497            -4.88615
      8900             0.77266             0.57950            -4.85035
      9000             0.80329             0.60247            -4.86935
      9100             0.84866             0.63650            -4.91657
      9200             0.82519             0.61889            -4.88130
      9300             0.82466             0.61850            -4.89138
      9400             0.82390             0.61793            -4.88145
      9500             0.82654             0.61991            -4.89116
      9600             0.82462             0.61847            -4.89237
      9700             0.83903             0.62927            -4.90459
      9800             0.80601             0.60451            -4.85102
      9900             0.83228             0.62421            -4.87543
     10000             0.81609             0.61207            -4.86348
     10100             0.85153             0.63865            -4.88862
     10200             0.83214             0.62410            -4.84927
     10300             0.86525             0.64894            -4.88679
     10400             0.84303             0.63227            -4.85450
     10500             0.84257             0.63193            -4.87437
     10600             0.85304             0.63978            -4.88014
     10700             0.86972             0.65229            -4.89340
     10800             0.84836             0.63627            -4.88997
     10900             0.82738             0.62053            -4.85565
     11000             0.84253             0.63190            -4.87714
     11100             0.82440             0.61830            -4.87265
     11200             0.81523             0.61142            -4.85112
     11300             0.82324             0.61743            -4.85472
     11400             0.84805             0.63603            -4.89445
     11500             0.83524             0.62643            -4.86387
     11600             0.82792             0.62094            -4.86039
     11700             0.82916             0.62187            -4.86947
     11800             0.81578             0.61184            -4.84133
     11900             0.81673             0.61255            -4.86072
     12000             0.83681             0.62761            -4.88281
     12100             0.80861             0.60646            -4.83554
     12200             0.83323             0.62492            -4.87019
     12300             0.80537             0.60403            -4.82814
     12400             0.82454             0.61840            -4.86247
     12500             0.82676             0.62007            -4.87737
     12600             0.83672             0.62754            -4.90141
     12700             0.80102             0.60077            -4.86794
     12800             0.82370             0.61778            -4.89358
     12900             0.82073             0.61555            -4.89678
     13000             0.81101             0.60826            -4.87625
     13100             0.81857             0.61392            -4.87664
     13200             0.82335             0.61751            -4.88727
     13300             0.83693             0.62770            -4.87961
     13400             0.85164             0.63873            -4.91674
     13500             0.81463             0.61097            -4.87121
     13600             0.83920             0.62940            -4.89175
     13700             0.82229             0.61672            -4.84463
     13800             0.86024             0.64518            -4.88241
     13900             0.82679             0.62009            -4.85647
     14000             0.81452             0.61089            -4.85291
     14100             0.84105             0.63079            -4.87812
     14200             0.82611             0.61958            -4.86268
     14300             0.81351             0.61013            -4.84681
     14400             0.81121             0.60841            -4.85992
     14500             0.81788             0.61341            -4.88147
     14600             0.81297             0.60972            -4.88695
     14700             0.80096             0.60072            -4.89551
     14800             0.81947             0.61460            -4.89074
     14900             0.83487             0.62615            -4.89625
     15000             0.81918             0.61438            -4.86392
